"X" "Y" "Z"
"1" 0 0 0
"2" 0.861465021457815 -0.260948827956085 1.58964161007634
"3" -1.42461082535601 -1.19559411686725 -2.34296922596429
"4" 4.85444275029375 0.567356559151155 -0.336778255722225
"5" -4.55069505356486 -2.52915365569028 0.1112121842307
"6" -6.12102779216977 -1.10639846208449 1.60137975199341
"7" 0.498090960917662 -0.388764811808848 -0.266996190366338
"8" 0.80722901646892 -0.880115645778178 2.21766658443661
"9" -1.93807012519329 -0.796744829329773 -1.23115969581107
"10" 0.762267779443171 0.71821674971905 0.494174424246589
"11" -3.30396878684095 -0.292380547363829 1.91540161882149
"12" 0.930409581805674 -2.30825017342733 0.499113199373538
"13" 0.379654639346251 1.30510174685693 1.59468253040879
"14" -0.0768941293414359 -0.104298066307152 -1.88370069443491
"15" -0.418779206742708 -4.38535875949393 1.66521247229649
"16" 3.41933100562628 1.17791317338915 0.0878130007583375
"17" 5.24300150855313 -2.17298365329949 -1.52570336699142
"18" -2.75497231048975 1.98581330500128 0.745223845604443
"19" 2.80520393284454 -0.738397626793178 1.26218185226958
"20" -1.841676787244 -0.155789725820133 -0.117749226278826
"21" -0.111373670917455 0.130707055628797 1.55129621246494
"22" 0.741059324805947 -0.423768505953094 -0.148592607710477
"23" -0.220230380893418 -0.122503287988856 -0.17376776729158
"24" -3.65688698227097 -0.619163293200367 -0.0658874020371149
"25" 9.05699313760335 0.144867016577095 -0.575099545847354
"26" -5.48676991987283 -1.31433469480239 -0.442532675055852
"27" -9.16936814729244 0.594615847333703 0.810042911328876
"28" 3.53767840024949 -0.751363160850256 -1.23293736600684
"29" 0.885940457016652 0.424076534831839 1.27026275373823
"30" -1.28841562283542 1.39262738299652 3.25793197869838
"31" -0.238790030988108 0.975412600371012 -2.18530113637548
"32" 0.803437426157748 -1.29347587175752 1.46043780113948
"33" 4.12212076459666 0.738913623412112 0.536574415737082
"34" -2.1800167702684 -0.890579496007138 -0.145191177721839
"35" 1.93552326824296 0.351685302096026 -1.94201219973739
"36" -2.06467245329797 0.60339088052139 1.99630782494799
"37" -0.0857913026220536 -0.48149509047022 -0.636031930402974
"38" 0.257001797444779 -0.113991968696353 0.357880634962852
"39" 0.533742405469996 -1.08643915107296 -0.240005735078023
"40" 0.134429587941942 0.194630430642379 0.282372036979186
"41" 0.633140240139331 0.457509890333088 0.870953959520662
"42" -0.614422667388489 -3.97044266251038 0.755597906709307
"43" 138.807157792947 1.50079014434066 -0.436877461840164
"44" -68.2664423458184 0.3282959333068 0.176879292636368
"45" 37.3769984015303 0.0361771420721911 0.0381301097186026
"46" -18.3862505498801 -0.0165712239205325 -2.69205907012355
"47" 26.4005958654047 -0.11908707157468 1.17038663090263
"48" -13.823830819259 0.389453347283795 0.828583515357454
"49" 6.2253537950331 -0.511043263721369 -2.54861081525458
"50" -2.83913786599881 0.851405871105184 0.77979003071185
"51" 0.499126581727958 0.623643275704084 -0.620644644255017
"52" 2.23628017332718 8.93442062771667 -0.371827690890172
"53" -3.84765061272523 -3.69103760887252 -1.31108052139283
"54" 3.92819226909395 5.9426540188098 0.531902769704717
"55" -0.974428707253414 -5.09523295491669 0.313733619821208
"56" -39.0493535076431 2.28089879315973 -1.70476887984611
"57" 14.4920467006399 -1.67773682239623 0.66692463899575
"58" -7.51669313804725 1.14213821536224 -1.54383594284849
"59" 3.72762774888214 1.24434555862479 1.14056419511056
"60" -1.96600683399175 2.13243742873981 -1.32090545763281
"61" 2.15803121243242 -1.87634402469073 -1.7211310522937
"62" -1.40986917205531 1.25910845439119 -1.39893853049677
"63" -2.03884143797223 -2.47999781932538 0.767455275349451
"64" 1.01306750505879 -1.20836913735331 0.450366397478947
"65" 0.0743691204521842 1.20837281642672 -0.644292591742499
"66" 1.28560699942942 -0.552299985057446 1.89101066568068
"67" -0.727535726775232 1.10695313380657 0.430755984606506
"68" -0.238402366364362 -0.068553580856943 -2.69455582090833
"69" 0.913955096039003 0.329865388255567 2.77400751072971
"70" 0.309860276419907 1.10427604504004 -1.34934281209848
"71" 0.873328935869207 -1.28446861161343 0.527978025457761
"72" -5.04977002152766 1.23645562458776 0.510597159669187
"73" 2.45372716646902 -0.744447042939617 -0.949314351226181
"74" -1.43040705469445 1.70772474907717 0.185520257625917
"75" 0.850611424217827 0.0924783141723569 -1.09692360097705
"76" -1.49050202530298 7.52237488626088 0.695309023606549
"77" 1.4715698624807 -3.2363587065931 0.932330358023962
"78" -0.886476933785054 1.85930797340094 -0.621905654764698
"79" -1.11401702603753 -1.7512466309183 0.541518871497202
"80" 4.15288311008865 2.86352241768502 0.0742095623181003
"81" -1.8613143242097 -2.24657197687894 -1.16985459303383
"82" 0.443270798936119 1.47656378329804 1.65231610593513
"83" 0.547668307304798 -0.743933301180228 0.257971311099861
"84" -0.884058314934024 -0.450040508726556 0.223600613895452
"85" 0.619241070547665 1.6120933608169 1.59017321874226
"86" -3.66356336579317 -0.921920121875641 0.235258252701677
"87" 1.76077719041474 0.0630839995875889 0.258103059357689
"88" -4.92568737405779 1.39771349172484 -1.5587611894407
"89" 2.19948373892114 -3.35153701503178 1.18646949908486
"90" -1.70049384532591 1.01091446453723 -0.774075228761499
"91" -0.191431597502861 -0.166668952601625 1.28967623617851
"92" 0.676568997269386 0.435987405939681 -1.35509994776612
"93" 0.209355819226428 0.86991708958274 1.85557895772087
"94" 27.8096018707303 -0.74791769519198 -1.50237419816895
"95" -14.0909624302348 0.809714706710252 1.6404467761601
"96" 6.04257866765172 -0.516993673553397 -2.28629616502494
"97" -2.96310381417206 0.387392402260537 3.76062621085528
"98" 0.484276925131703 0.174190656814261 -2.79176848529069
"99" 0.611052220763068 -0.304459263189173 1.20295523262845
"100" 0.227794801188331 -0.667025446501023 -0.635795727291626
